1.872249481664669257e-01 2.710219994196341395e-02 -2.973874035025415169e-02 1.128329647046620865e-01 -1.249156322457924129e-02 4.102479536523036957e-03 -1.299890082352969378e-01 -9.752892694021506048e-03 -7.127769477348576410e-04 -1.283698128494572543e-01 -1.301541463230240087e-02 3.081468551698168801e-02 -1.301305485603480583e-01 -9.654715983545088167e-04 -1.515715300908161353e-02 1.324900968892799707e-02 -4.061797372279632272e-03 1.228749041845244097e-02 2.558943783505467431e-02 1.798738027273143192e-02 -8.976394653831390458e-03 3.677517203541379176e-02 -1.103862917674830468e-02 -1.177989033667101865e-02 -3.402918506165628076e-03 -6.420022247750428734e-03 -9.186934017413607781e-03 1.055934575270534026e-03 -9.276337457489918295e-03 -8.098991136764599474e-04 1.279701523850628429e-02 -6.875892656185753071e-03 5.019368094694912075e-02 3.989400482087699512e-02 -6.433255738461244114e-04 2.024133436788380647e-02 -2.709428306212006976e-03 2.237519983245801758e-02 1.885022482723472392e-04 -1.632569292603332917e-02 -3.924984462462038914e-02 6.861290023223682449e-03 6.647510541057193023e-02 1.293750672481253083e-02 -2.337145296713763476e-02 -4.637978795225559947e-03 -4.137524545649379215e-02 8.025053037285290181e-03 1.597278066410168229e-02 1.168748980047659702e-02 3.581990052204359065e-03 -1.273089853999844617e-02 7.066255860184789128e-02 -3.632330940188144286e-02 -2.963490165778815549e-02 -7.638706251672505720e-02 2.253397122236709682e-02 1.383078331078764142e-02 9.679837520539913420e-03 -2.364038500124743952e-02 1.829258015195211681e-02 -1.995341191997238028e-02 3.118436160432789053e-02 -6.376885934355064345e-04 -9.844993938933760402e-04 -3.308357018509927583e-03 -7.525619375313086917e-03 6.426969991479410116e-03 9.485160921393814837e-03
2.710219994196341395e-02 1.947425206703799067e-02 6.695460283398377982e-03 1.306149315979484096e-02 -7.759633834228004540e-03 -5.825885628497382875e-03 -1.848059687126463180e-02 -4.396265223975332967e-03 1.111165431549426081e-03 -2.290202013486244970e-02 1.240906715357617193e-02 4.901886491514869000e-03 -2.622459682095874822e-02 -4.490192129524404711e-03 -1.486238721364321110e-03 1.517237959269281903e-04 -4.188004665792601118e-03 1.998500414328991965e-03 9.626360703989252782e-03 7.873355362167887977e-03 -6.491393454086841729e-03 4.596671234298193784e-03 -3.590186032608538250e-03 -3.435369410341748177e-03 4.685485684891190069e-04 -3.617234858131888019e-03 -4.981565047794936276e-04 1.961300224177880708e-03 -4.446130505685177287e-03 -2.003720819606061472e-04 3.808665507166036739e-03 -2.692725291187664238e-03 9.982612199729557628e-03 8.258985420850930431e-03 3.290721157932095711e-03 -8.957236792636776024e-05 1.303331557784894248e-03 -1.158400896452396571e-02 7.536629336070430150e-04 -3.393850558115681180e-03 -2.597333912841732172e-03 -2.375407553469369680e-03 7.700122322765257446e-03 3.025958613464504489e-03 -5.100580410576935689e-03 -7.130879997179715227e-03 -1.381741669287493528e-02 1.493946379779039109e-02 -1.789373383403889718e-03 -6.826210955633695530e-03 -6.733885098939918976e-03 2.544279684285309390e-03 2.909374789219664262e-02 -1.800078794488195119e-02 -1.642154471663437960e-03 -2.573377851283737555e-02 1.353675383618790050e-02 7.091748889063243314e-03 2.404154824435400517e-03 7.281632662051593574e-04 7.648664385589539795e-03 -6.669741024325197103e-03 2.159342600622258385e-03 -1.260865787562919513e-03 -1.119861375125866991e-03 1.475972483463696468e-03 -6.140831478285962292e-03 2.468671419763451835e-03 2.951031112555110424e-03
-2.973874035025415169e-02 6.695460283398377982e-03 2.939768258132979817e-02 -2.606887175973765514e-02 -2.464763020968041562e-03 -1.024731804555562009e-02 2.593121250698496999e-02 -1.148922343846908549e-03 -1.367626955234649451e-03 2.227753499569087164e-02 -2.026962591390353563e-04 -2.023728602286578929e-03 1.872952186960096660e-02 -1.145026979528472816e-03 2.986735663058550684e-03 -5.242145196747042407e-03 1.060796523862560454e-03 -3.565407028674471256e-03 3.335223984124224827e-03 -7.288180501143382006e-03 -6.557660254701017100e-03 -1.466156239602587827e-02 5.374471681903740528e-03 4.132224697360444010e-03 2.465688527065836022e-03 1.200965118381995198e-04 1.897924432309175055e-03 -4.140831526216519343e-03 2.146324285680422696e-03 -2.245680227141610974e-03 -2.781244889498148305e-03 -3.953448616978626207e-03 -1.349492381819011183e-02 -6.481331585798495547e-03 3.065515749940618713e-03 -3.111776756857535103e-03 -2.875918650784205916e-04 -6.307459943169980987e-03 5.970671710365004978e-03 2.509095343566332750e-03 8.211359695402282305e-03 -8.147282920782438626e-03 -1.891070215285033801e-02 -7.993700782921251552e-03 4.339901398584564834e-03 -3.016289257512286357e-03 9.760908773911662617e-03 8.951250640366878453e-03 -1.119840788350939462e-02 -3.138946336447678842e-03 -1.013768437882357765e-02 1.131695846096090509e-02 -2.042292334912365614e-02 6.580073360976851360e-03 1.364058241129009752e-02 2.238715875865221472e-02 -3.920862279557776886e-03 -9.903192002803824778e-04 -5.874543942456535855e-03 1.394530644314098677e-02 8.408892695727435140e-05 6.125899157542479684e-03 -1.266634433473919769e-02 3.673763697157012703e-03 2.401578694243918996e-03 3.594809043336279902e-03 3.457610583357631148e-03 -3.657262709097131373e-03 -4.529805970425390682e-03
1.128329647046620865e-01 1.306149315979484096e-02 -2.606887175973765514e-02 1.740651141275448843e-01 -1.441013428022500618e-02 2.154623690831177288e-02 -1.174957035952032547e-01 1.371394823740165400e-02 -4.883686406799285160e-03 -1.137930017697472984e-01 5.537398203214846659e-03 2.144392336693893425e-02 -1.277075891025621635e-01 9.304969706270987614e-03 -2.075396534899395795e-02 1.297231464215941460e-02 -3.342871916983854164e-04 7.106972290504939144e-03 2.758476008075370217e-02 1.959996847537404108e-02 -9.122123167552821654e-03 1.659924165543304186e-02 -1.825295490428634204e-02 -1.664888823399340856e-02 5.553939822628573691e-04 1.153225477613310790e-03 -9.936092904592217639e-03 7.008104038740345376e-03 -1.781423442450888114e-02 1.539546776738105055e-02 2.421107608715621085e-02 4.579961561715167884e-03 5.638861131288033790e-02 3.529609681879453120e-02 6.439254906554161759e-03 3.316607551214452443e-02 -1.705177679637147337e-03 6.455817031968305586e-02 6.367968971820993362e-03 -7.805000042669275537e-03 -4.558128400207017705e-02 8.386419023020345170e-03 6.058644862450758561e-02 6.527429246527681472e-03 -2.869881371526904201e-02 -8.866579892798727609e-04 -7.592698443582082679e-03 2.589385695989987468e-03 1.821808390936986710e-02 2.516231566694288047e-02 -3.876391284823171857e-03 -2.472173588319185461e-02 3.938757125543312920e-02 -2.636237580522707291e-02 -2.411157153348639226e-02 -5.902558097364318801e-02 2.079090819968824888e-02 -5.454821211201457687e-03 5.059645598789075382e-03 -2.469801144136817006e-02 -1.122354745895306344e-03 -1.310086136382854205e-02 2.222731613515053356e-02 2.418760518319351682e-03 -1.270688460626084870e-03 -9.180601880251590408e-03 3.143499589347370504e-03 5.229176670052480824e-03 7.617526202786106815e-04
-1.249156322457924129e-02 -7.759633834228004540e-03 -2.464763020968041562e-03 -1.441013428022500618e-02 1.215392020048086663e-02 7.914345422941910374e-03 1.064758629884108784e-02 -1.600766579241538409e-03 1.198628855203076517e-03 1.821606247878428814e-02 -2.066075411416198535e-03 -1.697357969402538743e-03 1.279695567565685907e-02 8.942982599319073897e-03 1.391206043118652395e-03 1.325397096904818231e-03 -9.291784319530996044e-04 -4.175780402736852578e-04 -1.854015194698751569e-03 -5.669334075458708558e-03 3.360746465084168619e-03 -9.526726722283192575e-03 7.091426206783093752e-03 -7.982636735397547964e-04 -2.639320325962977217e-03 -1.114655796741524738e-03 8.624389419406662928e-04 -5.772193048662967868e-03 7.090316026978831648e-03 -2.536758651122068657e-03 1.571424498072372059e-03 -1.586594982289977855e-03 -6.165216662526232932e-03 -5.162860444585032002e-03 1.793468175670345343e-03 -3.755034017793083823e-03 6.672792934435756509e-04 -7.456251275036495860e-03 -9.118384496103229889e-03 1.215272465038618171e-03 3.419530867996141161e-03 6.983416280058624831e-03 -4.720026633680610151e-03 1.615943648050420945e-03 2.846461585256891344e-03 8.919313267760218406e-03 1.815099403821063967e-03 -1.819950473136362420e-02 1.088515313851493027e-02 -5.108113401143861247e-03 1.925183194223427721e-02 4.789603741217765900e-03 -1.087019038433172102e-02 9.783389558140787035e-03 5.688021736261844596e-03 1.825686225054875406e-02 -9.347047587234313948e-03 -1.650119302972949051e-03 -1.743139501379776558e-03 -3.540010371111340995e-04 -6.060655647237015581e-03 4.223413858731612375e-03 -8.093003158851129822e-04 -9.054462046406887982e-04 -6.934271107396638989e-04 -3.298532106696425853e-03 1.117198983371623516e-03 -4.846431018902487217e-04 5.170378344767102667e-03
4.102479536523036957e-03 -5.825885628497382875e-03 -1.024731804555562009e-02 2.154623690831177288e-02 7.914345422941910374e-03 2.565057667602899105e-02 -1.130960888095280253e-02 2.272597355260598181e-03 -2.416743798381670513e-03 -5.779642659357472900e-03 5.035994554520631904e-03 3.075929132694452464e-03 -2.071038847088082363e-02 4.770911112255080307e-03 -9.557245317691918582e-04 1.760346505593314917e-04 1.813830473971338739e-03 -3.036365563440141836e-04 1.330890222338674059e-02 4.267439493597145403e-03 -3.007034263433434364e-03 -7.166078337449230222e-03 -6.422549946953683489e-03 -1.215751071768291294e-02 -8.333388824260240524e-04 -7.555933168911931237e-04 -2.550746653463121724e-03 -5.312497783310360377e-03 -1.881036039945415024e-03 8.255696923955144900e-03 1.147226706158691045e-02 4.425533042476862897e-03 1.221944542436592326e-02 -3.113311408308692962e-04 -1.302553977051704431e-03 9.361369908254556227e-03 4.374539829100831598e-04 2.957328681636736678e-02 -4.285515741732672836e-03 9.683893055378520187e-05 -1.823821870382819066e-02 1.019265750722275071e-02 1.506295965287096986e-02 -2.357785055305219868e-03 -4.345517621768737321e-03 8.718311171481406621e-03 8.109761608812960168e-03 -1.534510372125736342e-02 1.763572854853994246e-02 4.537841139639340812e-03 1.404839500057543378e-02 -1.059547909150101302e-02 -5.344598549266443843e-04 -5.500932314291429731e-04 1.741951416462344691e-03 -6.990251260792085253e-03 1.660875677769652059e-03 -6.802414246112161583e-03 3.933769403856963651e-03 -9.094517879409694250e-03 -8.102223036685089405e-03 -2.530482615950473482e-03 3.140706815097478281e-03 1.163139929651564597e-03 -2.504504964289744687e-04 -2.688850234045126603e-03 6.472437159552407900e-03 3.668312328251798968e-04 -3.721445061240016838e-04
-1.299890082352969378e-01 -1.848059687126463180e-02 2.593121250698496999e-02 -1.174957035952032547e-01 1.064758629884108784e-02 -1.130960888095280253e-02 1.272150304585684122e-01 2.449990203567292343e-03 3.037964104338144664e-03 9.558989064039666306e-02 -9.113208356010350786e-03 -2.104293321502404696e-02 1.028870774140114019e-01 2.524665311253985415e-03 1.261074298138070704e-02 -8.852105925608616532e-03 7.889645753096688127e-03 -9.588989212897866890e-03 -2.064933320386795959e-02 -1.562863793490222586e-02 2.675217240521297890e-03 -2.758698143476297909e-02 7.437705655336288024e-03 2.013156394233556190e-02 1.073251243507764019e-02 6.871673001080800397e-03 9.465705849285289269e-03 -6.837994295382496257e-03 4.682638189065399872e-03 5.573315333423575768e-04 -1.915562908311631285e-02 1.019392103882597878e-02 -5.869694284349674662e-02 -3.571377105937016683e-02 -8.457881551915166773e-03 -1.987533379655222199e-02 4.422012387287843627e-03 -1.267896670949598958e-02 1.370086915246992998e-02 1.705919701784465101e-02 3.653481128767468999e-02 -1.510824994740559042e-02 -7.049145295131070688e-02 -2.068148009471075521e-02 2.639565692711491607e-02 -5.550397631178240199e-03 4.338178519327789973e-02 5.438186783673915059e-05 -2.559539259938556355e-02 -8.319112000945552698e-03 -9.853183315298275069e-03 8.359983936925045878e-03 -6.423551637127561387e-02 2.705471929177341583e-02 2.267900389930955704e-02 6.104373376255692318e-02 -1.476211625181229892e-02 -1.524762670259564509e-02 -9.923133042812996851e-03 2.309060328249339100e-02 -1.529407277238060796e-02 1.961317230241642340e-02 -2.575854550255998049e-02 4.624597206467351285e-04 4.134159002815475381e-03 7.649491114343445752e-03 9.455413650041575441e-03 -1.113123895904027938e-02 -1.797809542048153797e-02
-9.752892694021506048e-03 -4.396265223975332967e-03 -1.148922343846908549e-03 1.371394823740165400e-02 -1.600766579241538409e-03 2.272597355260598181e-03 2.449990203567292343e-03 8.085958876330298986e-03 -1.221038181307706723e-03 -3.618178448155595639e-03 -4.832903294568254710e-04 -2.852519162337375722e-04 -3.155943490077696770e-03 1.620490828486586448e-04 -1.667975611918324098e-03 1.494947044583992907e-03 5.561465617600827929e-03 4.615523506572789315e-04 -1.493259727827914510e-03 1.010222526093128119e-03 5.099349997971791559e-04 -1.200839666755051114e-03 -2.551848774779017642e-03 1.798059436396517302e-03 2.149701480113183540e-03 4.509480533352728041e-03 -4.406807683317592070e-04 1.841705676905009380e-03 -4.336323724039940417e-03 5.005816080870869635e-03 1.203340280506489356e-03 5.590859769290258338e-03 8.750479251916788020e-04 -1.188848598948924040e-03 -2.828232176137711589e-03 9.035642257120186233e-03 3.451000311335702085e-04 2.769427914659873882e-02 6.142765232607531878e-03 4.017787918377467050e-03 -3.852599324243479242e-03 2.190630632625159991e-03 2.248044340282266164e-03 -7.913392527955923766e-03 -1.759028676178101512e-03 2.592117561930596358e-03 1.655862477731940424e-02 -2.684053921793171787e-03 -8.416763971835165142e-04 1.369475265348323034e-02 -5.562935978346257929e-03 -6.254575304872424246e-03 -1.734175589172174195e-02 1.998987099905628721e-03 -1.620699120340343777e-03 5.565430264252071296e-03 2.470675165632857124e-03 -1.127525702902272900e-02 -1.638711619087063025e-03 -9.476696843234979836e-04 -6.825712125225251448e-03 3.052342178086354246e-03 -3.232510047634353564e-03 1.370179561295584679e-03 1.750559452276938396e-03 4.870431261736031872e-04 5.997656194389558784e-03 -3.152111960206432136e-03 -8.776685331393918599e-03
-7.127769477348576410e-04 1.111165431549426081e-03 -1.367626955234649451e-03 -4.883686406799285160e-03 1.198628855203076517e-03 -2.416743798381670513e-03 3.037964104338144664e-03 -1.221038181307706723e-03 5.073858592323851960e-03 4.934088449803971516e-03 2.979973392646031050e-04 -8.234674524923604570e-04 1.870407485420694238e-03 2.529148124978457431e-03 -3.143522282431388546e-04 -9.085840818939014234e-05 -1.301678673343435386e-03 3.118799814669666044e-04 2.322947629768490514e-03 -1.403051424651944462e-03 -1.279934811044786168e-03 -4.303379438074651613e-03 1.092569481463204206e-03 2.649207387246180212e-04 1.163460418155254079e-04 -2.520827621291089980e-04 1.494423352830413689e-03 -3.223938563654745251e-03 1.296148878993547658e-03 -7.908372701949069935e-04 2.820741405326213438e-04 -5.238479240833025276e-04 -3.536070014431066250e-03 -8.219274161786567154e-04 2.531814566391267073e-03 -4.599701344739946102e-03 3.505163586656591737e-04 -1.199496295768471416e-02 -1.400433612644733311e-03 1.332881240838612027e-05 5.721529984940718766e-03 -1.622392975851198521e-03 -5.434448698001180869e-03 4.024257013338707577e-03 1.674207801604589603e-04 -2.066371899571337999e-03 -2.763562818399378437e-03 -7.779368150209204497e-04 -2.654599223114805819e-03 -5.586710738732786688e-03 6.616847922697750156e-04 3.570903012660148375e-03 4.671696227738913153e-03 6.026890688120025395e-04 -1.882995928819614475e-03 -8.070639800380249168e-04 -2.114052281953025542e-03 3.318163052376036509e-03 -4.025188847667461253e-04 -2.344536112505500938e-04 3.542180702111881897e-03 2.969744472964643868e-04 1.408994632872799090e-03 -2.147087659301164658e-03 -2.082121163989080273e-03 -2.228012724421537648e-03 -5.222764890765380259e-03 1.539303928052963150e-03 4.060745677139012549e-03
-1.283698128494572543e-01 -2.290202013486244970e-02 2.227753499569087164e-02 -1.137930017697472984e-01 1.821606247878428814e-02 -5.779642659357472900e-03 9.558989064039666306e-02 -3.618178448155595639e-03 4.934088449803971516e-03 1.911844872894826186e-01 7.587186109186266902e-04 -3.659522243734314451e-02 1.252474006640727777e-01 5.675530326226548190e-03 1.764998458222829733e-02 -6.982008791971389128e-03 -3.629560012481505837e-03 -1.081276093234044035e-02 -2.004450560657757355e-02 -2.452314692152961217e-02 3.771516497413959779e-03 -4.195339744447874886e-02 1.700745007540925557e-02 3.067596549076595513e-04 -2.634678052258046521e-03 -6.854797628960164479e-04 7.603608405245950927e-03 -2.680958497247183658e-02 1.910948076726113470e-02 -5.334554900914431630e-03 -1.944999857112079955e-02 -6.563548541563726801e-03 -4.957031836372149947e-02 -2.576694073004826696e-02 4.204163302437122565e-03 -3.209567444861956276e-02 2.252094101562178430e-03 -6.636859512032011743e-02 -1.090526296246138727e-02 5.585365460424717571e-03 4.614803458464407371e-02 -1.067293683368780721e-02 -5.899006868809245074e-02 4.348327745727544741e-03 2.098603584509783904e-02 -1.627404022409273919e-03 3.892078791907491175e-03 -1.234444296735967561e-02 -1.650008008224465583e-02 -2.517117529790573183e-02 1.031535962972734977e-02 2.372546323878745728e-02 -3.772477204979546306e-02 3.684720463269983148e-02 1.657411456446370238e-02 6.386310841944287109e-02 -3.414900993703373633e-02 1.020802624683332660e-02 -5.100996301721588688e-03 1.225829996406919975e-02 -6.827707289427066215e-03 1.482128588296539873e-02 -1.322283786104983677e-02 -6.285953045089345825e-03 -1.986737567969437679e-03 -2.836245994078737120e-03 -3.721711658330142947e-03 -1.660870769798594715e-03 1.324246924052685515e-02
-1.301541463230240087e-02 1.240906715357617193e-02 -2.026962591390353563e-04 5.537398203214846659e-03 -2.066075411416198968e-03 5.035994554520631904e-03 -9.113208356010350786e-03 -4.832903294568254710e-04 2.979973392646031050e-04 7.587186109186266902e-04 5.153866531033565734e-02 -2.235361349360292377e-03 -4.944894867918284143e-03 -1.234251291360323813e-02 2.054295275467899612e-03 1.634805296010918493e-03 -6.821229551474622746e-03 3.662259723145900973e-03 2.501285070691555701e-03 1.034933157659273344e-02 6.774596457289169121e-03 1.020929872407132753e-02 3.136701627851169044e-03 -5.804922857678935372e-03 -5.454642492669455577e-03 -4.577709426923633716e-03 -3.060479078465347565e-04 5.770750738297029253e-03 4.041048856443307975e-03 -2.211250817714801795e-03 8.562078581445272882e-03 -3.595590958802552181e-03 1.169312121902065654e-02 1.938649471453360480e-03 3.291748836324897079e-03 3.906125413310677225e-03 3.551209466621975050e-03 -1.764357416892566380e-02 -1.729485009831036729e-02 -2.378824746524006977e-03 2.897763798416086098e-03 1.768667586327025976e-02 1.853671197330374401e-02 2.137992522992329149e-03 -8.752910728383331979e-03 1.080708231299186591e-02 -1.864948929617715398e-02 -2.386142490899314031e-02 2.255618771329515743e-02 -8.683596807784223215e-04 2.960100551062700563e-02 2.518188749456696553e-03 -1.300829519076424079e-03 1.287530969232234673e-03 7.190945848434973989e-03 9.371635539826998762e-03 -1.943504392829011052e-04 -1.179125206322620065e-03 8.505469373483683093e-03 -6.278297130594946707e-03 3.398978533411334615e-04 -1.102697700250022429e-02 3.665219812636970678e-03 -8.246239872235768681e-03 -4.907466105298764585e-03 -7.659991406282274859e-03 -1.144954056104687326e-02 6.351636158024455414e-03 1.235938821439359903e-02
3.081468551698168801e-02 4.901886491514869000e-03 -2.023728602286578929e-03 2.144392336693893425e-02 -1.697357969402538309e-03 3.075929132694452464e-03 -2.104293321502404696e-02 -2.852519162337375722e-04 -8.234674524923604570e-04 -3.659522243734314451e-02 -2.235361349360292377e-03 1.163872843745000774e-02 -3.343237492842370678e-02 4.806770048886918200e-04 -4.314351891716209676e-03 3.050344052752014534e-04 2.221559471503011234e-03 2.749604083178764768e-03 9.710053620723928594e-03 3.661013720770787960e-03 -3.375785282918900183e-03 5.092663330383859904e-03 -2.651693491688221493e-03 -1.243973737162997958e-03 2.023639652542054499e-04 1.031729890391937590e-04 -1.723823250654403245e-03 8.759560126801180235e-04 -3.093692001342999379e-03 1.090941087649413554e-03 5.236606568847182452e-03 7.373573477563351297e-04 9.689150302509712265e-03 3.836994710411750081e-03 -1.976869755331182605e-03 9.091133994627312309e-03 -9.475985829256652199e-04 2.188234690881740024e-02 2.825692151277636559e-03 -1.526687327053140308e-03 -1.368307309366153038e-02 3.639412013880136913e-03 1.419720858281856360e-02 -3.665345208143305084e-03 -4.555189191058121867e-03 2.344232314162265560e-03 3.010881150035071147e-03 6.415577556345003485e-05 4.274057043609977985e-03 7.991034514803613958e-03 -1.405262643500826414e-03 -4.492841075848479429e-03 7.976880895704391294e-04 -4.855953316477156639e-03 -3.443173034541645045e-03 -8.233868578046199538e-03 4.367277214877358232e-03 -5.513175395791759109e-03 -5.710093426569001762e-05 -8.739784601310036927e-04 1.282416501958558684e-03 -1.882914014873646874e-03 -1.210632919152535014e-04 3.713252656834135912e-03 9.919771206058931173e-04 7.078320484275001101e-04 2.607296576120111953e-03 -6.998070987289245481e-04 -3.423624107203950689e-03
-1.301305485603480583e-01 -2.622459682095874822e-02 1.872952186960095272e-02 -1.277075891025621635e-01 1.279695567565685907e-02 -2.071038847088082363e-02 1.028870774140114019e-01 -3.155943490077696770e-03 1.870407485420694238e-03 1.252474006640727777e-01 -4.944894867918284143e-03 -3.343237492842370678e-02 2.097594584184637456e-01 -3.207691333597071336e-03 2.519269688185587011e-02 -3.988020320869395396e-03 -2.407447285933644876e-03 -8.643719852910042301e-03 -4.909308563437352751e-02 -1.900383752447994123e-02 2.440382612520153316e-02 -2.266752799848520059e-02 2.641261179563134109e-02 1.664817156617927341e-02 -3.270377250227521522e-03 1.412504317264098863e-03 7.896744132313041412e-03 1.760685044401993915e-04 1.975511272721504688e-02 -1.078292278093188200e-02 -3.049690787729624625e-02 -6.607986966606513302e-03 -4.805992619353460782e-02 -2.609438817690930626e-02 4.262647431681575519e-03 -3.054639068666804153e-02 -4.770834084558972510e-04 -7.627683464652529333e-02 -1.052644438197559984e-02 8.321481890725287295e-03 5.617133444492049266e-02 -1.007489600244330930e-02 -6.055487997345980478e-02 4.871075112830145284e-03 2.247288000001884667e-02 2.903141927345117938e-04 1.869957026751564722e-03 -1.312622790396988925e-02 -1.537240064690309493e-02 -2.049994623181910364e-02 6.643764244635030902e-03 2.380147199479287073e-02 -4.773422281901662512e-02 4.060282644613982805e-02 2.565214406178541184e-02 7.380582338005581278e-02 -3.306336046983097965e-02 1.278340384974940847e-02 -4.513857196131954019e-03 1.382712799732245534e-02 -8.158292333585772868e-03 1.663670934874449114e-02 -9.260668423927205517e-03 -9.697527538596054097e-03 -2.506645925044646839e-03 -4.486069106487050595e-03 -1.881230506135707359e-03 -2.455313331738061267e-03 9.375449443709313324e-03
-9.654715983545088167e-04 -4.490192129524404711e-03 -1.145026979528473033e-03 9.304969706270987614e-03 8.942982599319073897e-03 4.770911112255080307e-03 2.524665311253986716e-03 1.620490828486586719e-04 2.529148124978457431e-03 5.675530326226548190e-03 -1.234251291360323813e-02 4.806770048886918200e-04 -3.207691333597071336e-03 2.710282395746737433e-02 -2.815411767978024359e-03 -1.117185343241515428e-03 -1.670179802041583689e-03 -1.202071355463005036e-03 9.371384600788142778e-05 -4.354997369980198488e-04 -6.718741407876214003e-04 -9.664301508475416427e-03 4.614978694431092973e-03 2.559516029192800048e-03 1.731705552831534940e-03 -8.127213422832954570e-05 5.568880348161449334e-04 -4.503118194916050712e-03 -2.227958138613954451e-03 -4.236531653545699523e-04 -1.261766310485752662e-03 2.835528848540489963e-03 -4.485671585477615277e-03 -1.849240563801557566e-03 1.665419176255713597e-03 -4.397884726842216097e-03 -1.005704904476875401e-03 -1.017787257495515393e-03 4.144099311592605063e-03 5.010698766747990899e-04 -4.009195502206236786e-03 -7.876525739805056298e-03 -8.434465624148734797e-03 4.621957884260272965e-03 4.239071497961986387e-03 -5.882473589497156860e-03 7.065996649105565040e-03 1.158394321004230926e-02 -6.949246017288326221e-03 -9.019085629880674998e-03 -1.033603068319535224e-02 1.081944762551387100e-03 1.950390519359682800e-02 -6.185512461958424420e-03 -2.269960763305991884e-03 -1.844243756286521874e-02 2.198280320428250712e-03 3.031470699603511058e-03 -2.938005682483177221e-03 6.652393127823195539e-04 1.719771189865679098e-03 2.882701407763204379e-03 -2.778382736957801563e-04 4.984722906045470012e-03 2.865493222903701563e-04 3.769346568868841164e-03 2.659433548003918395e-03 -1.670732978223437009e-03 -1.651156770302958116e-03
-1.515715300908161353e-02 -1.486238721364321110e-03 2.986735663058550684e-03 -2.075396534899395795e-02 1.391206043118653046e-03 -9.557245317691918582e-04 1.261074298138070704e-02 -1.667975611918324098e-03 -3.143522282431388546e-04 1.764998458222829733e-02 2.054295275467899612e-03 -4.314351891716209676e-03 2.519269688185587011e-02 -2.815411767978024359e-03 7.178386804905415898e-03 -8.130515400377874569e-04 -1.811689810356513670e-04 -3.751573930543708295e-04 -4.976536541345969941e-03 6.731291918594083101e-05 2.325718679948740163e-03 -1.453689729424627666e-03 3.272803794955878379e-03 -5.486321341192012743e-04 -5.799895380847298150e-04 -7.368234102367314693e-04 9.320658774139923067e-04 5.074646518991258320e-04 1.404287664621061034e-03 -5.450672828274088361e-04 -3.213114635915362456e-03 -1.374343094423175968e-03 -2.162254523984961929e-03 -2.154021839011026340e-03 2.390285638299290507e-04 -2.926813692185092561e-03 6.700503316965228384e-04 -7.798426723377411586e-03 -1.398553214952131911e-03 6.282407363106932595e-04 4.835050043761546928e-03 -4.214093012678958063e-04 -5.352811837477230647e-03 -2.165748316719758385e-04 2.236385360061644151e-03 3.367381946026337040e-04 -4.033781321880289955e-04 1.257711444588149180e-03 -9.519165142763547083e-05 -4.106779039659831480e-03 -6.547767991639946716e-04 1.057055687534749072e-03 2.501397363724927603e-03 -2.113661681746878754e-03 2.507659888290022458e-03 2.398491015738989096e-03 2.707722520240343073e-03 -3.157678491255283548e-04 -1.474106119007147220e-04 4.982314559773132201e-04 -3.915367928325394313e-03 1.316073918590449435e-03 -3.183140334215468770e-04 -9.822736909308529829e-04 1.090912106767321851e-03 1.789238356624265128e-03 9.377314775629308485e-04 -1.563171169766668089e-03 -1.663783593453902615e-04
1.324900968892799707e-02 1.517237959269281903e-04 -5.242145196747042407e-03 1.297231464215941460e-02 1.325397096904818231e-03 1.760346505593314917e-04 -8.852105925608616532e-03 1.494947044583992907e-03 -9.085840818939014234e-05 -6.982008791971389128e-03 1.634805296010918493e-03 3.050344052752014534e-04 -3.988020320869395396e-03 -1.117185343241515428e-03 -8.130515400377874569e-04 2.645068161426571487e-02 -4.661678204080703554e-03 1.097437534526923310e-03 -8.060550827506039046e-03 -5.689878353433753394e-03 5.747441536630586156e-03 -1.197540709937106474e-03 9.548240407485746040e-03 -2.050688062142367804e-03 -7.681069357174477065e-03 -1.013977723428366798e-03 2.294578699656704343e-04 2.569511234780427755e-03 1.024672641699310265e-02 -5.848127747238975396e-03 4.824947736455110006e-03 -7.200302328341453423e-03 6.372026046663748639e-03 1.139920131273241058e-02 8.414999620633059965e-03 -5.889063035825437172e-03 6.400108513330688559e-03 -4.153027185287484074e-02 -2.148510339273896133e-02 6.565373200651331703e-03 2.779127722975978029e-02 1.529698047054273147e-02 -9.563471965171391198e-04 3.883040018232557754e-03 -2.775595208809862255e-03 1.092047884912004420e-02 -1.832156378910012456e-02 -2.309634777311892276e-02 1.768455362829083471e-02 -6.947905597032448533e-03 3.112983890946618981e-02 1.346309375125385836e-02 -4.868959545994581972e-03 -1.059345580150042321e-05 8.474594204782656334e-03 1.473833299225375815e-02 -2.007554544275575933e-03 1.524321581333992412e-02 -2.428855378822789707e-03 -1.592646600150859210e-03 8.241075174261324604e-04 3.942247720943854380e-03 6.116889820170623611e-03 -1.539653517736711344e-02 -3.535774577855833704e-03 -1.137404104285350513e-02 -8.509071674685095982e-03 2.991357154396406294e-03 1.379066477250196453e-02
-4.061797372279632272e-03 -4.188004665792601118e-03 1.060796523862560454e-03 -3.342871916983854164e-04 -9.291784319530996044e-04 1.813830473971338739e-03 7.889645753096688127e-03 5.561465617600827929e-03 -1.301678673343435386e-03 -3.629560012481505837e-03 -6.821229551474622746e-03 2.221559471503011234e-03 -2.407447285933644876e-03 -1.670179802041583689e-03 -1.811689810356513670e-04 -4.661678204080703554e-03 1.563231450127841246e-02 2.190863165715874541e-03 -4.111952778837145699e-04 3.330296874286487775e-03 -1.633847815898057786e-03 2.585125880144765412e-04 -4.761271002925234787e-03 2.724552965759615818e-03 5.993658650726876695e-03 7.083466170718283328e-03 -1.827271429524165037e-03 -1.691745662079210608e-04 -1.039617074790767301e-02 7.526895731486927046e-03 -1.223240010634620142e-03 9.952094768025495503e-03 2.255957550720982981e-03 -5.626321591926886946e-03 -1.208140218919006095e-02 2.167863614791857435e-02 5.907682919791641327e-05 7.551534945221194395e-02 1.763750614425678778e-02 6.190998777135904747e-03 -2.543736715831795836e-02 1.171422290590678128e-03 4.248473569839017125e-03 -2.055668491118446337e-02 -3.224940430708768489e-03 6.425025410245943994e-03 4.361748699783919714e-02 4.750484423668276807e-04 -4.581079033322304171e-03 2.420092565652082889e-02 -2.012969756999399840e-02 -1.089891021908125611e-02 -2.760281740003561746e-02 -7.734793774010527770e-04 -1.297361514726671139e-03 -1.085164483005036581e-03 9.406113402629368014e-03 -2.437511259388752335e-02 -3.235317069384974036e-03 9.756158047411873056e-04 -8.673277141723603409e-03 5.306393405914894106e-03 -1.037502222947992055e-02 9.191477922958192492e-03 7.060442712793726927e-03 1.038714708463107234e-02 1.667924610651241868e-02 -1.004887481699065672e-02 -2.488559546057645191e-02
1.228749041845244097e-02 1.998500414328992399e-03 -3.565407028674471256e-03 7.106972290504939144e-03 -4.175780402736853662e-04 -3.036365563440141836e-04 -9.588989212897866890e-03 4.615523506572789315e-04 3.118799814669666586e-04 -1.081276093234044035e-02 3.662259723145900973e-03 2.749604083178764768e-03 -8.643719852910042301e-03 -1.202071355463004820e-03 -3.751573930543708295e-04 1.097437534526923310e-03 2.190863165715874541e-03 8.442889716583048404e-03 -3.125786490629702419e-03 3.656979494070553872e-03 3.424012377037492089e-03 6.308079397805999369e-03 1.005807155056903136e-03 -1.092290633443830476e-03 -5.819794381101915095e-04 -1.300734766623609217e-04 5.686138401487924807e-04 2.696718381648662184e-03 -1.277952307898131421e-03 -4.677803198754109867e-04 2.167071901209689788e-03 3.561197080426889428e-04 1.026529977508762632e-02 3.934741513814359395e-03 -2.224489048846898815e-03 1.119668893875594949e-02 1.194903473388920275e-03 2.013739761053176883e-02 3.072190470680468376e-03 -9.226450798687069578e-04 -1.102480504523107446e-02 8.251975709901250566e-03 1.294336950082167897e-02 -5.983197979633730901e-03 -4.667261054541926336e-03 3.050161616291055099e-03 2.538423828330028421e-03 -3.260943999532067011e-04 8.233911634288684084e-03 6.604502453435943249e-03 1.202609811068341278e-03 -1.589650010539031631e-03 4.715498183409383426e-04 -7.616119753472573584e-03 -2.171961852194053636e-03 -3.731331526671682886e-03 6.917704445997883804e-03 -8.938274708685717274e-03 4.951417259301364726e-04 -1.085058718888297705e-03 -4.773891080009546456e-03 -1.407231166592553661e-03 -1.495743653903110811e-03 2.182984221938616149e-03 1.885537993028046574e-03 1.842403144829514970e-03 2.906144780013560948e-03 -2.216434761080335238e-03 -3.970037767715140636e-03
2.558943783505467431e-02 9.626360703989252782e-03 3.335223984124224827e-03 2.758476008075370217e-02 -1.854015194698751569e-03 1.330890222338674059e-02 -2.064933320386795959e-02 -1.493259727827914510e-03 2.322947629768490514e-03 -2.004450560657757355e-02 2.501285070691556568e-03 9.710053620723928594e-03 -4.909308563437352751e-02 9.371384600788142778e-05 -4.976536541345969941e-03 -8.060550827506039046e-03 -4.111952778837145699e-04 -3.125786490629702419e-03 1.099519096074850627e-01 -2.838983407815765317e-03 -4.607885076167375638e-02 1.382906336084513757e-02 -1.670444212444945412e-02 -5.464067573368786880e-03 4.301910544087973395e-03 -1.516938228506473085e-03 -1.794872456982978025e-03 -4.391002163718002449e-02 -1.338615939954505146e-02 3.036220289296035629e-02 -3.010663890695871019e-03 9.533032633101663419e-03 -1.777740088233398241e-02 -2.290787341876466231e-03 -9.438945372857302993e-03 3.441953977180532004e-04 2.026622119838082658e-03 2.022398792543755527e-02 1.264399944150077816e-03 -5.999802573648941109e-03 -1.873589408681777813e-02 1.427988463634706842e-03 2.211043271437804214e-02 1.500940925706774776e-03 7.404850696573882923e-04 9.789642978900124897e-05 -1.173145994848951920e-03 3.765087923934887226e-04 9.748042652793621407e-03 1.800980166186415959e-03 4.692104189379736612e-03 1.553634436946504938e-03 1.844840174862759363e-02 -1.955873377125128335e-02 -1.028839230851606550e-02 -2.202463315235531766e-02 1.498153866201041087e-02 -1.279403883156669808e-02 1.761460961919397716e-03 -5.183279626885511221e-04 -1.011125208721214662e-04 -4.678842379241553856e-03 5.067344045288066368e-03 1.151511540026726142e-02 -5.740572782579131048e-03 -8.822981078299579200e-03 -4.451425527870740348e-03 7.199827153219642492e-03 5.336378243636127894e-03
1.798738027273143192e-02 7.873355362167887977e-03 -7.288180501143385476e-03 1.959996847537404108e-02 -5.669334075458708558e-03 4.267439493597145403e-03 -1.562863793490222586e-02 1.010222526093128119e-03 -1.403051424651944896e-03 -2.452314692152961217e-02 1.034933157659273344e-02 3.661013720770787960e-03 -1.900383752447994123e-02 -4.354997369980198488e-04 6.731291918594083101e-05 -5.689878353433753394e-03 3.330296874286487775e-03 3.656979494070553872e-03 -2.838983407815765317e-03 2.658804808578708878e-02 -5.194695518853757743e-04 1.263874099580030753e-02 -1.426990121590853561e-02 -4.071026475062813899e-03 4.563630520918019601e-03 9.299489698102979263e-04 -2.572720203570785791e-03 1.151376041699608832e-02 -2.007868138697240304e-02 1.238843762759253911e-02 6.303411199434531473e-04 1.095156865820562028e-02 1.699882769442072339e-02 4.860319232056110536e-03 -1.052651122348744958e-02 1.332044137832636560e-02 4.226262093253718710e-04 4.371334551332518858e-02 1.495662967806348463e-02 -2.834431940645988288e-03 -2.699668891266679416e-02 -5.265031865667844577e-03 1.936913656410102491e-02 -3.226742961924532974e-03 -4.276252481135341121e-03 -1.290553246073839616e-02 9.268356794786165864e-03 3.168974499024866665e-02 -1.141647221148647112e-02 1.133843294390481787e-02 -3.616767183737958774e-02 -2.132070091672787215e-02 3.427065216561651917e-02 -2.624976404076598616e-02 -1.594386728950911158e-02 -5.203669120589038410e-02 2.663272259947279189e-02 -9.357439783571883107e-03 6.947869704447572070e-03 -5.202090452474911197e-03 5.448052120525168074e-05 -9.368742103199566296e-03 9.860644709693625054e-04 8.672923644869302839e-03 3.860298361909431097e-03 1.222863677482452158e-02 9.163600497963043240e-03 -3.195745340818036823e-03 -1.595556868001438838e-02
-8.976394653831390458e-03 -6.491393454086842596e-03 -6.557660254701017100e-03 -9.122123167552821654e-03 3.360746465084166017e-03 -3.007034263433434364e-03 2.675217240521297890e-03 5.099349997971791559e-04 -1.279934811044786168e-03 3.771516497413959779e-03 6.774596457289169121e-03 -3.375785282918900183e-03 2.440382612520153316e-02 -6.718741407876214003e-04 2.325718679948740163e-03 5.747441536630586156e-03 -1.633847815898057786e-03 3.424012377037492089e-03 -4.607885076167375638e-02 -5.194695518853757743e-04 2.936254241299144502e-02 6.552611587053386658e-04 1.255504807753016552e-02 3.406083468368152276e-03 -4.152649719559036931e-03 -9.726351864731783842e-04 6.992399155117240937e-04 1.871210777032339401e-02 1.284498518899989013e-02 -2.220286316870232271e-02 3.493029742820314733e-03 -7.519139183602413859e-03 9.474153967206074695e-03 1.588522197040865593e-03 7.262953329996236010e-03 1.666952621218135283e-04 4.202308565927244388e-04 -1.524879557901377691e-02 -9.263047211091338801e-03 2.899880258002507892e-03 7.533474753937865337e-03 9.529224591208836428e-03 -2.026652009951914607e-03 1.689544205377063084e-03 -3.229972586046436431e-03 9.998746483291820822e-03 -1.577623008993549181e-03 -2.306440026984294539e-02 1.239874589757430055e-02 -5.359326598097451100e-03 2.621012189305409884e-02 4.118093665613812952e-03 -4.993629271152877358e-03 1.150746277692299077e-02 1.115261168573246885e-02 1.491340587278716656e-02 -1.122147564389327883e-02 6.054793851360510022e-03 3.732352988670887758e-03 -4.774484258440032242e-03 -7.433126047816721038e-05 -1.763675259220463809e-03 2.047724480771265579e-03 -7.645273294941166281e-03 1.416288173270307746e-03 4.518926561599689862e-04 -2.686612942236340715e-03 -1.448863747100919211e-03 5.038875807997073714e-03
3.677517203541379176e-02 4.596671234298193784e-03 -1.466156239602587827e-02 1.659924165543304880e-02 -9.526726722283192575e-03 -7.166078337449229355e-03 -2.758698143476297909e-02 -1.200839666755051114e-03 -4.303379438074651613e-03 -4.195339744447874886e-02 1.020929872407133100e-02 5.092663330383859904e-03 -2.266752799848520059e-02 -9.664301508475416427e-03 -1.453689729424627666e-03 -1.197540709937106474e-03 2.585125880144765412e-04 6.308079397805999369e-03 1.382906336084513757e-02 1.263874099580030753e-02 6.552611587053360637e-04 9.051838087286198653e-02 1.914546473123314441e-03 2.010570644115571015e-02 4.030691288582542936e-04 -2.016869744432309326e-04 -3.316740335284257268e-03 5.966744436040255506e-03 -1.274326215178752005e-02 5.629856716968566037e-03 -2.593640890052094014e-02 4.409229664988053091e-03 1.115474558021023466e-03 5.603321640427249943e-03 -1.152814483631997740e-02 8.167520565185689210e-03 -2.210450441663975446e-05 1.544418158046597343e-02 2.175425225404244677e-03 -5.790517921758405948e-03 -1.857144363097337075e-02 2.201445092034682617e-03 2.801386760822714012e-02 2.069872466029895174e-03 -1.770509301640150329e-03 3.035208209801368946e-04 -1.223770823921233389e-02 1.174538296605676796e-02 3.566938464349514101e-03 9.096251949668008804e-03 -8.572629150443343560e-03 -1.103664737692059555e-02 3.050326079105591254e-02 -2.296689639914600151e-02 -1.254819203826199568e-02 -4.027049317116974947e-02 2.311764830561012507e-02 -1.085304401149052127e-02 3.708083757169463451e-03 -4.814675512072985608e-03 8.516824237540465692e-03 -1.249162283556084010e-02 1.082768854409148565e-02 1.125467995686231688e-02 3.035688917557915860e-03 8.521647908773220120e-03 1.965474050883682725e-04 1.312412216320413619e-03 -7.363500272597934063e-03
